P(h) = 0.01223812111332488
P(w) = 6.037553583288052e-06
P(u) = 0.044454507033749924
P(k) = 6.037553583288052e-06
P(c) = 0.03861015516512709
P(m) = 0.03605023244581296
P(j) = 0.005596812171708024
P(n) = 0.06362977721427278
P(s) = 0.06794059047274044
P(i) = 0.04397150274708688
P(q) = 0.017068163979955323
P(p) = 0.022803839884078973
P(o) = 0.09381754513071304
P(b) = 0.01750286783795206
P(x) = 0.0002113143754150818
P(t) = 0.03594155648131377
P(l) = 0.05627603694982793
P(a) = 0.1579605143995653
P(e) = 0.1290527078427821
P(f) = 0.004232325061884925
P(z) = 0.004256475276218076
P(v) = 0.011103061039666727
P(g) = 0.010994385075167543
P(y) = 0.019579786270603153
P(d) = 0.04921209925738091
P(r) = 0.05748354766648554
