P(a) = 0.08388775912167908
P(b) = 0.008866209559138832
P(c) = 0.032224045677804604
P(d) = 0.03798900790610932
P(e) = 0.17102939316722607
P(f) = 0.010180260455353522
P(g) = 0.009350257068474553
P(h) = 0.007835609907129743
P(i) = 0.07318638445582448
P(j) = 0.006102923327165241
P(k) = 0.0002928996190124559
P(l) = 0.05401054438628445
P(m) = 0.0306585226521152
P(n) = 0.075384221795511
P(o) = 0.05312821153893675
P(p) = 0.02892002168765417
P(q) = 0.011523383274050837
P(r) = 0.06549104657467342
P(s) = 0.08624694563114417
P(t) = 0.06826160078726766
P(u) = 0.06222190889150213
P(v) = 0.014868107955676947
P(w) = 0.00011846808411670051
P(x) = 0.004581008185199775
P(y) = 0.0021316987160385436
P(z) = 0.0015095595749103495
