P(h) = 0.0660280237212697
P(c) = 0.02362700467798373
P(r) = 0.05479347644459507
P(o) = 0.07281469261517166
P(s) = 0.06743129802794728
P(a) = 0.08188690277195847
P(e) = 0.12300785165156385
P(w) = 0.02336911126001546
P(k) = 0.008458277648659461
P(v) = 0.009044019379348539
P(n) = 0.06892958569913948
P(y) = 0.017758102239118664
P(l) = 0.044898513197286
P(x) = 0.0010921316415089424
P(i) = 0.06878236718928714
P(d) = 0.04016246241224918
P(f) = 0.021863514868475976
P(j) = 0.0011349398606858626
P(z) = 0.0006619612439262331
P(b) = 0.017702764785060693
P(p) = 0.018120405947762354
P(m) = 0.02448421316442889
P(t) = 0.09242294520401458
P(u) = 0.0280226779154187
P(g) = 0.021873955897543516
P(q) = 0.0016288005355805748
