P(h) = 0.059203722854188214
P(w) = 0.02766287487073423
P(u) = 0.02456049638055843
P(k) = 0.007325060324026198
P(c) = 0.021113409169251984
P(m) = 0.02990348155808342
P(j) = 0.0009479489831092727
P(n) = 0.0692002757669769
P(s) = 0.06075491209927611
P(i) = 0.07643915891072044
P(q) = 0.0007755946225439503
P(p) = 0.01732161323681489
P(o) = 0.07126852809376077
P(b) = 0.0135298173043778
P(x) = 0.002843846949327818
P(t) = 0.09022750775594622
P(l) = 0.03610823853843502
P(a) = 0.08833160978972768
P(e) = 0.12418131678731471
P(f) = 0.01852809376077215
P(z) = 0.00043088590141330575
P(v) = 0.011116856256463288
P(g) = 0.02249224405377456
P(y) = 0.023526370217166494
P(d) = 0.04265770423991727
P(r) = 0.059548431575318854
