P(h) = 0.010113704475124477
P(c) = 0.037535307445057634
P(r) = 0.06889060360431906
P(o) = 0.09160864849800447
P(s) = 0.0771394070616549
P(a) = 0.1323798492217125
P(e) = 0.1388182398171144
P(w) = 5.2730489283637225e-06
P(k) = 0.00010721862756153613
P(v) = 0.01034396086824423
P(n) = 0.06293206030144916
P(y) = 0.009584642075666118
P(l) = 0.04937329834323722
P(x) = 0.0016838597315952544
P(i) = 0.05690145202057994
P(d) = 0.04706018831769834
P(f) = 0.006619431883352981
P(j) = 0.004838899622052918
P(z) = 0.006607128106621392
P(b) = 0.013426935780702582
P(p) = 0.0244950617919627
P(m) = 0.03347681880602323
P(t) = 0.04054094433234599
P(u) = 0.047649011918424425
P(g) = 0.01224225784968951
P(q) = 0.015625796450876698
