P(h) = 0.007840404845898393
P(c) = 0.03219398618611975
P(r) = 0.06545980692451002
P(o) = 0.053169052688122984
P(s) = 0.08620983144753716
P(a) = 0.08387862735763088
P(e) = 0.171017478255396
P(w) = 0.00011973387487216882
P(k) = 0.0002899579358925527
P(v) = 0.014864311228171691
P(n) = 0.07539916099595448
P(y) = 0.002126358187409067
P(l) = 0.05392496292519656
P(x) = 0.004584509034686475
P(i) = 0.07324827900458675
P(d) = 0.037996030028695886
P(f) = 0.010191805010840984
P(j) = 0.006171343501825647
P(z) = 0.0015046075916481734
P(b) = 0.008873289826327164
P(p) = 0.028930877490966293
P(m) = 0.03069370632627908
P(t) = 0.06823965239558019
P(u) = 0.062211123997239645
P(g) = 0.009365208511140307
P(q) = 0.011495894427471723
